A [0,2] [0,6] [2,8] [3,5] [0,2]
B [0,1] [1,4] [0,6] [3,5] [6,8] [5,8]
C [0,2] [0,6] [6,8]
D [0,1] [1,5] [5,7] [7,6] [6,0]
E [0,6] [0,2] [3,4] [6,8]
F [0,6] [0,2] [3,4]
G [0,2] [0,6] [6,8] [8,5] [5,4]
H [0,6] [2,8] [3,5]
I [0,2] [1,7] [6,8]
J [2,8] [8,7] [7,3]
K [0,6] [3,2] [3,8]
L [0,6] [6,7] [7,5]
M [6,0] [0,4] [4,2] [2,8]
N [6,0] [0,8] [8,2]
O [0,2] [2,8] [8,6] [6,0]
P [6,0] [0,2] [2,5] [5,3]
Q [0,2] [2,8] [8,6] [6,0] [4,8]
R [6,0] [0,2] [2,5] [5,3] [3,8]
S [2,0] [0,3] [3,5] [5,8] [8,6]
T [7,1] [0,2]
U [0,6] [6,8] [8,2]
V [0,3] [3,7] [7,5] [5,2]
W [0,6] [6,4] [4,8] [8,2]
X [0,8] [2,6]
Y [0,4] [2,4] [4,7]
Z [0,2] [2,6] [6,8]